0.0255770683289
0.0349678993225
0.0489881038666
0.0351350307465
0.0363759994507
0.0256118774414
0.027841091156
0.036915063858
0.0349419116974
0.0346169471741
0.0244388580322
0.0344059467316
0.0339729785919
0.0279750823975
0.029541015625
0.0291209220886
0.0352778434753
0.0277059078217
0.0230600833893
0.0262689590454
0.029196023941
0.0237991809845
0.0382518768311
0.037693977356
0.0214951038361
0.0236148834229
0.0260488986969
0.0250780582428
0.0278398990631
0.0203061103821
0.0262989997864
0.0262448787689
0.0263648033142
0.0255379676819
0.0270109176636
0.0234608650208
0.0248351097107
0.0314719676971
0.0336039066315
0.0304551124573
0.0280148983002
0.0367538928986
0.0265758037567
0.0220489501953
0.0339269638062
0.032870054245
0.0331008434296
0.0200130939484
0.0253000259399
0.0217769145966
0.0267288684845
0.0324790477753
0.0317161083221
0.0276098251343
0.0300488471985
0.0317759513855
0.0256550312042
0.0248301029205
0.0349879264832
0.0211842060089
0.0327711105347
0.0276479721069
0.0288319587708
0.05122590065
0.0236852169037
0.0315768718719
0.0245249271393
0.0339608192444
0.0279970169067
0.044340133667
0.0330889225006
0.0450420379639
0.0442299842834
0.0195388793945
0.0258259773254
0.0348658561707
0.0251431465149
0.0283191204071
0.0249760150909
0.0237278938293
0.022472858429
0.0236599445343
0.0363540649414
0.0316960811615
0.0235271453857
0.0284130573273
0.023188829422
0.0373520851135
0.0282428264618
0.0227479934692
0.0231621265411
0.0308530330658
0.0251920223236
0.028303861618
0.0343158245087
0.0350580215454
0.0268869400024
0.035404920578
0.0288469791412
0.0210030078888
0.0406210422516
0.0334877967834
0.0326750278473
0.0451362133026
0.0267040729523
0.0221841335297
0.0336849689484
0.0284309387207
0.027398109436
0.037918806076
0.0280618667603
0.0217370986938
0.0301749706268
0.027440071106
0.0408499240875
0.027174949646
0.021369934082
0.0266110897064
0.0259280204773
0.0358829498291
0.0282151699066
0.0258181095123
0.0218288898468
0.0264899730682
0.0250308513641
0.022038936615
0.0296709537506
0.0265719890594
0.0205399990082
0.0252900123596
0.0313940048218
0.0253269672394
0.0359439849854
0.0292921066284
0.0206189155579
0.0427339076996
0.0353379249573
0.0329630374908
0.0267109870911
0.0265347957611
0.029944896698
0.0290379524231
0.0287327766418
0.0284669399261
0.02525806427
0.0282380580902
0.0232539176941
0.0250558853149
0.0263578891754
0.0260670185089
0.0206308364868
0.0328719615936
0.0237920284271
0.0395390987396
0.025209903717
0.0262761116028
0.0321600437164
0.0382640361786
0.0386030673981
0.0253658294678
0.0241451263428
0.029443025589
0.0486259460449
0.025787115097
0.020035982132
0.0261130332947
0.0294110774994
0.0334448814392
0.0270369052887
0.0249378681183
0.0313110351562
0.0313458442688
0.0305831432343
0.0331919193268
0.0282530784607
0.0337281227112
0.0306940078735
0.0318591594696
0.0385589599609
0.040097951889
0.019651889801
0.0273160934448
0.022451877594
0.0257840156555
0.0273530483246
0.0332760810852
0.0349071025848
0.0222589969635
0.0291249752045
0.0217130184174
0.0217590332031
0.0369131565094
0.0271351337433
0.0266690254211
0.0351190567017
0.0280258655548
0.0202548503876
0.0312159061432
0.0236260890961
0.0324821472168
0.021525144577
0.0373361110687
0.0337688922882
0.0258841514587
0.0331790447235
0.0263040065765
0.0272169113159
0.0225908756256
0.0331468582153
0.0255470275879
0.0451228618622
0.0353689193726
0.0245280265808
0.0232000350952
0.0242049694061
0.0329349040985
0.0411088466644
0.0304889678955
0.0274930000305
0.0307857990265
0.0306560993195
0.0287020206451
0.0305080413818
0.0347158908844
0.0321669578552
0.0315599441528
0.0493547916412
0.0290660858154
0.0372660160065
0.032634973526
0.0239281654358
0.0303339958191
0.0266420841217
0.0304069519043
0.0347499847412
0.0255501270294
0.031644821167
0.0301880836487
0.0286920070648
0.0254371166229
0.0372629165649
0.0321691036224
0.0280380249023
0.0203340053558
0.0236661434174
0.0268759727478
0.0407299995422
0.041759967804
0.0305480957031
0.0268728733063
0.0272109508514
0.0334038734436
0.0268499851227
0.0309371948242
0.0333669185638
0.032369852066
0.0223410129547
0.0216188430786
0.0472660064697
0.0337779521942
0.0260019302368
0.0254259109497
0.0275280475616
0.0286748409271
0.0335199832916
0.0200369358063
0.0225110054016
0.038242816925
0.024472951889
0.0278918743134
0.0274930000305
0.0268189907074
0.0274229049683
0.0302329063416
0.0297160148621
0.0337171554565
0.0328340530396
0.0224421024323
0.0229768753052
0.0235290527344
0.0318491458893
0.0343170166016
0.032075881958
0.0337579250336
0.0334939956665
0.0410871505737
0.026428937912
0.0343668460846
0.0355229377747
0.0227138996124
0.0361621379852
0.0275239944458
0.0272390842438
0.0308158397675
0.0302259922028
0.0261278152466
0.0219619274139
0.0204749107361
0.0468230247498
0.0416979789734
0.0284130573273
0.0494518280029
0.0332319736481
0.0241239070892
0.0246500968933
0.0245850086212
0.0298540592194
0.0302920341492
0.0313370227814
0.0333659648895
0.0203070640564
0.025356054306
0.0291638374329
0.0258688926697
0.0259299278259
0.0294001102448
0.0321319103241
0.0318050384521
0.0274438858032
0.0321578979492
0.0272879600525
0.0211410522461
0.0254821777344
0.020583152771
0.0385539531708
0.02263879776
0.0258190631866
0.0269849300385
0.0358049869537
0.0219340324402
0.0239658355713
0.0327858924866
0.0270380973816
0.0521359443665
0.0247938632965
0.0352458953857
0.0306720733643
0.0334849357605
0.0398540496826
0.0248448848724
0.0325629711151
0.0254058837891
0.0334780216217
0.03373503685
0.0283150672913
0.0343201160431
0.025927066803
0.0265228748322
0.0210590362549
0.0409409999847
0.0323851108551
0.0329191684723
0.0341260433197
0.0214259624481
0.0280768871307
0.0301539897919
0.0201869010925
0.029886007309
0.0293109416962
0.0320370197296
0.0493810176849
0.0262911319733
0.0238010883331
0.0357291698456
0.019917011261
0.0348148345947
0.0235240459442
0.0217139720917
0.0301058292389
0.0373029708862
0.0257840156555
0.0393171310425
0.0313761234283
0.0272188186646
0.0277369022369
0.0247120857239
0.0385189056396
0.0281660556793
0.022155046463
0.0248229503632
0.0365390777588
0.0209259986877
0.0344369411469
0.0437388420105
0.0318210124969
0.0216720104218
0.0235269069672
0.0259549617767
0.0199761390686
0.0305399894714
0.0270729064941
0.0255360603333
0.0355429649353
0.0306429862976
0.0241439342499
0.0300981998444
0.0232410430908
0.0258078575134
0.0304539203644
0.0424330234528
0.0230088233948
0.0232560634613
0.0347390174866
0.0221190452576
0.0201060771942
0.0249300003052
0.0272409915924
0.0309779644012
0.0337870121002
0.0307190418243
0.0333888530731
0.0270340442657
0.0299899578094
0.0371940135956
0.0289011001587
0.0266749858856
0.0275750160217
0.0295128822327
0.0245940685272
0.0329020023346
0.0278301239014
0.0271689891815
0.0391750335693
0.0364689826965
0.0252618789673
0.0224061012268
0.0303740501404
0.0296490192413
0.024199962616
0.027174949646
0.0276570320129
0.0327930450439
0.0252690315247
0.0425040721893
0.0346870422363
0.0259618759155
0.0241260528564
0.0202000141144
0.0216159820557
0.0233099460602
0.0357120037079
0.0223951339722
0.0277009010315
0.0268402099609
0.0244929790497
0.023176908493
0.0378201007843
0.0251479148865
0.0293989181519
0.0294449329376
0.0228559970856
0.0295960903168
0.0308952331543
0.0321609973907
0.0366079807281
0.0272879600525
0.0335550308228
0.0324790477753
0.0318460464478
0.0211899280548
0.0219440460205
0.027312040329
0.0215129852295
0.0299360752106
0.0221889019012
0.0334689617157
0.0349299907684
0.0305049419403
0.0255079269409
0.0283019542694
0.0271928310394
0.0206000804901
0.0338680744171
0.028929233551
0.0287029743195
0.0263798236847
0.0241670608521
0.0314240455627
0.0359401702881
0.0338110923767
0.0309100151062
0.0262269973755
0.0291969776154
0.0345599651337
0.0240471363068
0.0247571468353
0.0287611484528
0.0229420661926
0.0363280773163
0.0323750972748
0.0288410186768
0.0394358634949
0.0267548561096
0.0334069728851
0.0271580219269
0.0385911464691
0.0265378952026
0.0285189151764
0.0270299911499
0.0374131202698
0.0288188457489
0.041711807251
0.0344648361206
0.0274310112
0.0305449962616
0.0277981758118
0.0244510173798
0.0236258506775
0.0364201068878
0.0243430137634
0.0209939479828
0.0298271179199
0.0319910049438
0.0241460800171
0.0202751159668
0.0291001796722
0.0212340354919
0.0225868225098
0.0320448875427
0.0355169773102
0.0253119468689
0.0326678752899
0.0233361721039
0.0214688777924
0.0358810424805
0.0235910415649
0.02068400383
0.0218019485474
0.0310800075531
0.0363328456879
0.0302379131317
0.0324130058289
0.0296621322632
0.0260779857635
0.0326321125031
0.0310461521149
0.0248930454254
0.0345888137817
0.0269451141357
0.0246460437775
0.0335431098938
0.0230898857117
0.0244598388672
0.0350539684296
0.0200870037079
0.0236358642578
0.0344069004059
0.0283589363098
0.0289869308472
0.0224099159241
0.0285968780518
0.0277299880981
0.0289402008057
0.035346031189
0.0346651077271
0.023796081543
0.0278799533844
0.0320639610291
0.0206060409546
0.0380759239197
0.0292890071869
0.0223340988159
0.0317749977112
0.0371639728546
0.0315580368042
0.0353419780731
0.0224869251251
0.0201079845428
0.0387880802155
0.0351998806
0.0305480957031
0.0243389606476
0.0280938148499
0.0310029983521
0.0291638374329
0.032289981842
0.0275299549103
0.0274479389191
0.0231008529663
0.0475339889526
0.0309009552002
0.0250110626221
0.0210001468658
0.0256059169769
0.0285179615021
0.0223851203918
0.0315718650818
0.027801990509
0.0256111621857
0.0322761535645
0.0204300880432
0.0289380550385
0.0262160301208
0.0236740112305
0.0242650508881
0.0298249721527
0.0362539291382
0.0228040218353
0.033872127533
0.0322911739349
0.0266370773315
0.0239169597626
0.0270168781281
0.0262050628662
0.0244610309601
0.0311281681061
0.0327618122101
0.0289528369904
0.0259871482849
0.0289940834045
0.0297739505768
0.0296700000763
0.0341868400574
0.0283238887787
0.0306279659271
0.0307800769806
0.0374109745026
0.0327908992767
0.0232288837433
0.0387351512909
0.0235991477966
0.0351111888885
0.039482831955
0.0261039733887
0.0230221748352
0.0263969898224
