0.41771697998
0.409451007843
0.448598861694
0.416368961334
0.41469502449
0.431224822998
0.473707914352
0.446981906891
0.439583063126
0.439770936966
0.442962884903
0.441679000854
0.44110584259
0.422478914261
0.453512907028
0.409945964813
0.407138824463
0.4385638237
0.440294027328
0.441539049149
0.429347991943
0.42921090126
0.473001003265
0.475782155991
0.466149091721
0.45828795433
0.440794944763
0.435654878616
0.432065963745
0.429887056351
0.459208965302
0.419350147247
0.424641132355
0.435662031174
0.422841072083
0.41893696785
0.449163913727
0.427124023438
0.419690847397
0.470839977264
0.426128864288
0.42622590065
0.425213813782
0.463618040085
0.455603122711
0.471598148346
0.451375007629
0.41197013855
0.406852960587
0.412032842636
0.404919862747
0.411880970001
0.433694124222
0.466315984726
0.400835990906
0.407547950745
0.408909082413
0.409340143204
0.407836914062
0.406056880951
0.474478006363
0.529609918594
0.494063138962
0.47069311142
0.488732099533
0.449348926544
0.442905902863
0.432676076889
0.442125082016
0.430733919144
0.427939891815
0.427433013916
0.429193019867
0.420375108719
0.422947883606
0.439325094223
0.43840098381
0.445074081421
0.425168991089
0.459252119064
0.441403865814
0.437337875366
0.440930128098
0.419388055801
0.459856033325
0.446724891663
0.444000959396
0.422728061676
0.409671068192
0.462592840195
0.438452959061
0.431658029556
0.430771112442
0.428812026978
0.434190034866
0.446280002594
0.424576997757
0.415319919586
0.409730195999
0.407853841782
0.442691802979
0.469592094421
0.4215259552
0.429374933243
0.426357030869
0.430717945099
0.415116071701
0.411026954651
0.409329175949
0.441967010498
0.435885906219
0.435991048813
0.405933856964
0.407511949539
0.406536102295
0.406689882278
0.403205871582
0.40709400177
0.403481006622
0.404595136642
0.40623998642
0.400273084641
0.402981996536
0.402542114258
0.4034512043
0.403503894806
0.401022911072
0.40315580368
0.400733947754
0.402469873428
0.403071165085
0.400368928909
0.402554035187
0.419452905655
0.42555809021
0.402146100998
0.402483940125
0.400308132172
0.434386014938
0.443858146667
0.423869132996
0.40275812149
0.455841064453
0.436056137085
0.404284000397
0.40058016777
0.40068602562
0.404451847076
0.402215003967
0.402124166489
0.39988899231
0.400403022766
0.403162956238
0.401361942291
0.402594089508
0.40018415451
0.399523019791
0.402877092361
0.401677131653
0.401458978653
0.417234897614
0.401415109634
0.402574062347
0.401833057404
0.402828931808
0.399767875671
0.400363922119
0.401934146881
0.402385950089
0.400548934937
0.402714014053
0.401855945587
0.400822162628
0.401824951172
0.401863098145
0.401672124863
0.406715154648
0.491732120514
0.471024036407
0.402643918991
0.403687000275
0.400022029877
0.401280879974
0.401303052902
0.399882078171
0.40128493309
0.401319026947
0.398916959763
0.401340961456
0.400026082993
0.400107145309
0.401674985886
0.399669885635
0.401839971542
0.402208089828
0.40140080452
0.452734947205
0.469701051712
0.457748174667
0.436123847961
0.426104068756
0.448888063431
0.43196105957
0.437581062317
0.441806077957
0.437264919281
0.434455871582
0.427973985672
0.433943986893
0.430102109909
0.460519075394
0.485918045044
0.436928987503
0.436970949173
0.40204000473
0.402426958084
0.401051044464
0.402638196945
0.434460878372
0.452758073807
0.403435945511
0.401217937469
0.402467012405
0.403954982758
0.402786970139
0.404545068741
0.400679826736
0.403224945068
0.403086900711
0.403868198395
0.402886152267
0.40185213089
0.402135848999
0.405774116516
0.402698040009
0.403302907944
0.400964021683
0.402978897095
0.404734134674
0.404299020767
0.401285886765
0.401292800903
0.402166128159
0.403006076813
0.40109205246
0.399188041687
0.403034925461
0.402796030045
0.402834892273
0.401177883148
0.399250984192
0.403727054596
0.402637004852
0.403945922852
0.403755903244
0.400096893311
0.442692041397
0.465798139572
0.4284760952
0.408236026764
0.405416965485
0.403022050858
0.400396108627
0.404184103012
0.401099920273
0.404767990112
0.401349782944
0.417956113815
0.52539396286
0.463282108307
0.456573963165
0.434954166412
0.425528049469
0.420656919479
0.432245016098
0.432646036148
0.458930969238
0.459170818329
0.409211158752
0.407180070877
0.409117937088
0.430613994598
0.436141014099
0.471546888351
0.408095121384
0.401542901993
0.40749502182
0.402507066727
0.405853033066
0.406910181046
0.402340173721
0.406606912613
0.404244184494
0.406069040298
0.406877994537
0.402634859085
0.404009103775
0.40204501152
0.40056180954
0.402737140656
0.399525165558
0.440274000168
0.52821803093
0.463429927826
0.442477941513
0.435453891754
0.430160045624
0.433783054352
0.429662942886
0.422585964203
0.410207033157
0.489311933517
0.448461055756
0.469272136688
0.41037106514
0.438973903656
0.435302019119
0.400886058807
0.402235984802
0.401783943176
0.406147956848
0.400699138641
0.398880958557
0.454555988312
0.413064956665
0.434401035309
0.404198169708
0.427715063095
0.4098508358
0.404794931412
0.401530981064
0.40377497673
0.403865098953
0.404954195023
0.403521776199
0.402231931686
0.406120061874
0.402410984039
0.403398990631
0.403211832047
0.401156902313
0.403455972672
0.402199983597
0.402453899384
0.402402162552
0.401884078979
0.401872873306
0.402462005615
0.402277946472
0.411280870438
0.424971103668
0.417815923691
0.40875005722
0.400854825974
0.401639938354
0.412197113037
0.420650005341
0.415128946304
0.434861898422
0.406761884689
0.410493135452
0.412806034088
0.404354810715
0.420974969864
0.422601938248
0.415886878967
0.416135072708
0.402809858322
0.401078939438
0.40415096283
0.40282201767
0.404406070709
0.40278506279
0.402735948563
0.40425491333
0.40150308609
0.403101205826
0.402272224426
0.40226316452
0.404470920563
0.402956008911
0.403573036194
0.403452157974
0.402318000793
0.402325868607
0.402495861053
0.405782938004
0.40851187706
0.402521133423
0.401052951813
0.403079986572
0.407353878021
0.403553009033
0.404828071594
0.403944969177
0.403502225876
0.404898166656
0.403028964996
0.402422904968
0.404881000519
0.401953935623
0.405658006668
0.402853965759
0.402064085007
0.40198802948
0.402069091797
0.405341148376
0.40163397789
0.402284860611
0.403896093369
0.40172791481
0.403612852097
0.403091907501
0.402266979218
0.403084039688
0.401327848434
0.403372049332
0.40293598175
0.401782989502
0.402593851089
0.403210163116
0.404944896698
0.403489112854
0.408308982849
0.403553009033
0.402922153473
0.40220284462
0.403034925461
0.400967121124
0.402772903442
0.403215885162
0.402907848358
0.405007839203
0.40213394165
0.403694152832
0.402656078339
0.403397083282
0.403873205185
0.408058166504
0.403930902481
0.403442144394
0.40790605545
0.40377497673
0.402577161789
0.403445005417
0.402063846588
0.403295993805
0.402101993561
0.400574922562
0.402124881744
0.402168035507
0.401968955994
0.402724981308
0.403015136719
0.403960943222
0.403615951538
0.403656959534
0.402597904205
0.401746034622
0.402372837067
0.402244091034
0.403523921967
0.402721166611
0.401872873306
0.402867078781
0.401007890701
0.40050983429
0.400947093964
0.400537967682
0.400737047195
0.400105953217
0.400121927261
0.399379968643
0.399960041046
0.40029501915
0.400457143784
0.400509119034
0.400408983231
0.399725914001
0.400851964951
0.39950299263
0.399941921234
0.40446805954
0.401424884796
0.400402069092
0.399365186691
0.39849615097
0.40057015419
0.444209098816
0.442369937897
0.442589044571
0.457607030869
0.52694606781
0.49273109436
0.50714802742
0.418267011642
0.407338857651
0.40708899498
0.403506040573
0.405364990234
0.403604030609
0.405069828033
0.405313014984
0.403817892075
0.404799938202
0.403999090195
0.403565883636
0.405388116837
0.40163898468
0.405284881592
0.40335893631
0.407423973083
0.411823987961
0.40366601944
0.401614904404
0.400702953339
0.403393030167
0.402539014816
0.402363777161
0.401502132416
0.402037143707
0.401853084564
0.401615142822
0.404412984848
0.403641939163
0.402741909027
0.404676914215
0.401615142822
0.402453899384
0.403604984283
0.399779081345
0.40159702301
0.401796102524
0.402042150497
0.40238404274
0.401299953461
0.4024310112
0.40206193924
0.403188943863
0.401861190796
0.479223966599
0.447592020035
0.439604997635
0.439078092575
0.411718845367
0.425785064697
0.402636051178
0.422436952591
0.422016143799
0.461498022079
0.403354883194
0.423686027527
0.49344086647
0.447093963623
0.408631086349
0.409219026566
0.447554111481
0.407451152802
0.405562877655
0.406625032425
0.411796808243
0.403445959091
0.40235209465
0.401976108551
0.403464078903
0.454275131226
0.405012845993
0.411315917969
0.418137073517
0.45067691803
0.442986011505
0.437490940094
0.419873952866
0.417579174042
0.417150974274
0.420280218124
0.417494058609
0.414047956467
0.415113925934
0.41500711441
0.412819862366
0.443758010864
0.478598117828
0.455729961395
0.409929037094
0.408929824829
0.406049013138
0.405424118042
0.404942989349
