0.453947067261
0.446182966232
0.428449869156
0.443460941315
0.466735124588
0.445569038391
0.441692829132
0.460797071457
0.45411491394
0.454576969147
0.446084022522
0.439206838608
0.437043905258
0.438395023346
0.430093050003
0.409816980362
0.419154167175
0.410573005676
0.406823158264
0.408521175385
0.408257007599
0.408793926239
0.407979011536
0.408731937408
0.404389858246
0.409826040268
0.404284000397
0.402887105942
0.40479516983
0.400122880936
0.404454946518
0.419135808945
0.414632081985
0.411469936371
0.0542409420013
0.409679889679
0.411494016647
0.408791065216
0.424036026001
0.0533330440521
0.409759998322
0.408733129501
0.40550494194
0.409842014313
0.406695127487
0.407504796982
0.427079916
0.425992012024
0.480582952499
0.435969114304
0.46125292778
0.419668912888
0.480423927307
0.486546039581
0.455505132675
0.0540261268616
0.407758951187
0.425620079041
0.0697720050812
0.481612920761
0.457788944244
0.416534900665
0.407169103622
0.426012992859
0.0617189407349
0.0542418956757
0.0574631690979
0.0535678863525
0.055536031723
0.0537331104279
0.410044908524
0.405268192291
0.404443979263
0.405308008194
0.404803991318
0.406351089478
0.407434940338
0.405575990677
0.0555560588837
0.053857088089
0.0544528961182
0.053633928299
0.408982038498
0.410635232925
0.410281896591
0.4485039711
0.467396974564
0.446359157562
0.438116073608
0.41800904274
0.411118984222
0.418142080307
0.413110017776
0.407544851303
0.409530162811
0.055449962616
0.411226034164
0.409403085709
0.408645868301
0.408425807953
0.405126094818
0.0571129322052
0.0548520088196
0.0549359321594
0.0554687976837
0.408252954483
0.0541620254517
0.406229972839
0.405864953995
0.425838947296
0.441554784775
0.425076961517
0.40837097168
0.406932830811
0.406053066254
0.405256032944
0.403856039047
0.480406999588
0.408180952072
0.408234834671
0.0537009239197
0.0533950328827
0.405828952789
0.415053129196
0.407368183136
0.0635049343109
0.405649900436
0.405595064163
0.404632091522
0.407335996628
0.402904033661
0.406409025192
0.403980970383
0.405867099762
0.407097101212
0.405736923218
0.404372930527
0.407884120941
0.406519889832
0.405921936035
0.412300825119
0.402881860733
0.0558280944824
0.0561530590057
0.45082116127
0.476582050323
0.450778961182
0.444756031036
0.416235923767
0.406095027924
0.404024839401
0.0571768283844
0.404938220978
0.0536870956421
0.407516956329
0.40201997757
0.422231912613
0.407018899918
0.422517061234
0.433965206146
0.40986084938
0.405563116074
0.405491113663
0.406759023666
0.408330917358
0.40709400177
0.404377222061
0.455155849457
0.436239004135
0.427608013153
0.436691999435
0.440314054489
0.478867053986
0.546849012375
0.519969940186
0.465445995331
0.449218034744
0.419063091278
0.440623998642
0.408087015152
0.406117916107
0.409289836884
0.406174898148
0.426387071609
0.461091041565
0.404722929001
0.406105995178
0.406402111053
0.406130075455
0.40434885025
0.0532648563385
0.440960884094
0.471468925476
0.4688808918
0.404366016388
0.404597997665
0.405986070633
0.418844938278
0.440864086151
0.444839000702
0.439485788345
0.411023139954
0.402273893356
0.403162956238
0.0557160377502
0.404218912125
0.0535428524017
0.0533289909363
0.409826040268
0.406934022903
0.406839132309
0.406034946442
0.407972097397
0.446425914764
0.441709041595
0.0766949653625
0.0654401779175
0.061695098877
0.0557911396027
0.0675699710846
0.41246509552
0.409927845001
0.409705877304
0.408920049667
0.40634393692
0.0537641048431
0.425256967545
0.515281200409
0.46476817131
0.465548038483
0.450067043304
0.457098960876
0.44819521904
0.424468040466
0.408329963684
0.408061981201
0.409684896469
0.418256044388
0.0649800300598
0.41859793663
0.433756113052
0.408477067947
0.407253980637
0.407887220383
0.404517889023
0.40598988533
0.407582044601
0.455937862396
0.404402017593
0.401298046112
0.458878993988
0.436475992203
0.454444885254
0.44105887413
0.437357187271
0.436141014099
0.434369087219
0.427574872971
0.433716058731
0.437649011612
0.435237884521
0.432552099228
0.43824005127
0.431517124176
0.425998926163
0.437293052673
0.47193813324
0.439116954803
0.421892881393
0.429050922394
0.410550832748
0.410794019699
0.495668888092
0.447247982025
0.410804033279
0.415117025375
0.408709049225
0.408833026886
0.407320976257
0.406228065491
0.407809972763
0.430237054825
0.433094024658
0.432898044586
0.407676935196
0.46276307106
0.460113048553
0.438481092453
0.43424487114
0.436882019043
0.439439058304
0.440299987793
0.430076122284
0.43547296524
0.430550098419
0.435847997665
0.43613576889
0.45663690567
0.415861845016
0.409966945648
0.410440921783
0.406861782074
0.40945982933
0.41263794899
0.408343076706
0.408613920212
0.405268907547
0.406445026398
0.404098987579
0.401376008987
0.408691167831
0.403791904449
0.404767990112
0.404685020447
0.401818990707
0.40616607666
0.403591871262
0.405098199844
0.413137197495
0.400312900543
0.41517996788
0.404011011124
0.404872894287
0.403291940689
0.401964902878
0.401259183884
0.404228925705
0.402960062027
0.406217098236
0.401248216629
0.40553188324
0.405189037323
0.404147863388
0.407897949219
0.403847932816
0.403730154037
0.40612411499
0.40628695488
0.407010793686
0.399034023285
0.402312994003
0.404764890671
0.401716947556
0.404027938843
0.401571989059
0.44891500473
0.44825387001
0.44824385643
0.491530895233
0.503559112549
0.472353935242
0.433599948883
0.457499980927
0.413124084473
0.410064935684
0.432090997696
0.460393190384
0.448704004288
0.441717863083
0.439414024353
0.432605028152
0.432591915131
0.474730968475
0.433891057968
0.46395111084
0.48098897934
0.451782941818
0.411981105804
0.410642147064
0.410486936569
0.437114953995
0.411261081696
0.469388008118
0.459150075912
0.432832956314
0.410187005997
0.408478975296
0.409735918045
0.406381130219
0.408148050308
0.411000013351
0.405633926392
0.409823894501
0.405896186829
0.405002832413
0.410178899765
0.406121969223
0.404756069183
0.428595066071
0.489077091217
0.46494603157
0.464814901352
0.452651023865
0.434785842896
0.424651861191
0.422900915146
0.431127071381
0.458288908005
0.406841993332
0.410673856735
0.404430150986
0.4055519104
0.412571191788
0.437031030655
0.433211088181
0.43489408493
0.433212995529
0.448935031891
0.469966173172
0.460656881332
0.466581106186
0.433093070984
0.434762001038
0.437201976776
0.429911136627
0.429742097855
0.427667140961
0.427177906036
0.432194948196
0.429618120193
0.431443929672
0.430381059647
0.430752038956
0.435309171677
0.431491851807
0.432240009308
0.432757139206
0.429702997208
0.437542915344
0.432712078094
0.427976846695
0.430134057999
0.427784204483
0.427163124084
0.429926872253
0.429457187653
0.429716110229
0.42343378067
0.428410053253
0.431967973709
0.427607059479
0.427427053452
0.426441192627
0.436592102051
0.439967155457
0.426350831985
0.430550098419
0.42794084549
0.430183887482
0.427896976471
0.423794984818
0.428647041321
0.430722951889
0.433959007263
0.431938171387
0.450888872147
0.429455041885
0.431807994843
0.430541038513
0.427360057831
0.433681964874
0.427812814713
0.430569887161
0.429651021957
0.424359798431
0.427165031433
0.428502082825
0.4315969944
0.431324958801
0.425220012665
0.42880320549
0.454439163208
0.438100099564
0.428703069687
0.426003932953
0.428413152695
0.425408840179
0.424701213837
0.425955057144
0.427486896515
0.427165985107
0.424711942673
0.423817157745
0.424249887466
0.424257040024
0.42431306839
0.428697824478
0.425610780716
0.433115005493
0.423089981079
0.416703939438
0.416471004486
0.510987997055
0.434583187103
0.43010187149
0.41725897789
0.470436096191
0.449479103088
0.419080018997
0.446257829666
0.422991037369
